INFO: Times are given in minutes, distances in kilometers
TRUCK_CAPACITY: 100
TRUCK_WORKING_TIME: 600

LOCATIONS: 29 [id lat lon name]
  0 50.859940  3.427220 CONCORDIA
  1 50.581908  4.368771 GUNCO
  2 51.266530  4.381410 GUNCO_BEL_NV
  3 51.140130  4.163370 GUNCO_DEPOT_ST_NIKLAAS
  4 51.016600  5.866080 SITE_SITTARD
  5 50.402022  4.509585 L005
  6 50.334600  4.798407 L006
  7 49.688313  5.363061 L007
  8 49.851876  5.285675 L008
  9 50.509336  4.180856 L009
 10 50.689691  4.408492 L010
 11 50.993584  3.195547 L011
 12 50.852944  4.358210 L012
 13 49.916259  5.364320 L013
 14 50.757334  3.246619 L014
 15 50.850808  4.353846 L015
 16 51.923269  4.433293 L016
 17 51.334724  3.466479 L017
 18 49.607715  5.809977 L018
 19 50.681923  4.317382 L019
 20 50.394619  3.987102 L020
 21 50.316523  5.100232 L021
 22 49.998996  5.693340 L022
 23 51.190100  3.231800 L023
 24 51.289029  3.232421 L024
 25 50.603097  3.405346 L025
 26 50.743954  3.248658 L026
 27 50.718688  3.244396 L027
 28 50.477909  3.926968 L028

DEPOTS: 5 [id locationId]
  0   0
  1   1
  2   2
  3   3
  4   4

TRUCKS: 50 [id startLocationId endLocationId]
  0   0   0
  1   0   0
  2   0   0
  3   0   0
  4   0   0
  5   0   0
  6   0   0
  7   0   0
  8   0   0
  9   0   0
 10   1   1
 11   1   1
 12   1   1
 13   1   1
 14   1   1
 15   1   1
 16   1   1
 17   1   1
 18   1   1
 19   1   1
 20   2   2
 21   2   2
 22   2   2
 23   2   2
 24   2   2
 25   2   2
 26   2   2
 27   2   2
 28   2   2
 29   2   2
 30   3   3
 31   3   3
 32   3   3
 33   3   3
 34   3   3
 35   3   3
 36   3   3
 37   3   3
 38   3   3
 39   3   3
 40   4   4
 41   4   4
 42   4   4
 43   4   4
 44   4   4
 45   4   4
 46   4   4
 47   4   4
 48   4   4
 49   4   4

MACHINE_TYPES: 17 [id volume serviceTime name]
  0  50  10 600AJ
  1  20   4 B25X
  2   0   0 340AJ
  3   8   1 2630ES
  4  50  10 600S
  5  30   6 E400AN
  6  45   9 510AJ
  7  40   8 460SJ
  8  16   3 3369RT
  9   0   0 mrt/50
 10  30   6 Toucan_12E+
 11  68  13 860SJ
 12   0   0 MT1030
 13  30   6 M30-4
 14   0   0 MH25-4T
 15   1   0 GROUND_SUPPORT_PLATES_(4_x_)
 16   0   0 FORK_EXTENSIONS

MACHINES: 29 [id machineTypeId locationId]
  0   0   5
  1   1   1
  2   2   8
  3   2   9
  4   3   1
  5   4   0
  6   4   1
  7   3   0
  8   5   0
  9   6  15
 10   6  15
 11   7  16
 12   6   1
 13   5  21
 14   8  22
 15   9  22
 16  10  23
 17  11  24
 18   8  25
 19  12  26
 20   3  27
 21  13  28
 22  13  28
 23  14  28
 24  15  28
 25  15  28
 26  16  28
 27  15  28
 28  15  28

DROPS: 8 [id machineTypeId locationId]
  0   1   7
  1   3  10
  2   4  11
  3   4  12
  4   3  14
  5   5  14
  6   7  17
  7   6  18

COLLECTS: 21 [id machineId]
  0   0
  1   2
  2   3
  3   9
  4  10
  5  13
  6  14
  7  15
  8  16
  9  17
 10  18
 11  19
 12  20
 13  21
 14  22
 15  23
 16  24
 17  25
 18  26
 19  27
 20  28

TIME_MATRIX: 29 [row=from col=to]
  0  88  97  73 207 111 136 228 208  80  86  27  79 208  21  79 165  64 264  79  79 160 225  48  60  35  22  25  67
 88   0  92  77 140  27  50 147 126  19  15 114  37 123  98  36 180 126 180  15  41  72 138 126 135  82  98  97  40
 97  92   0  25 129 116 130 227 204 103  78 106  56 199 118  56  88  77 253  79 122 141 203  97  96 121 118 121 113
 73  77  25   0 144 103 121 220 197  85  64  84  42 193  93  42 107  64 248  63 101 136 201  79  81  96  94  96  91
207 140 129 144   0 141 129 183 164 158 131 225 129 153 224 130 170 206 189 138 180 114 137 222 224 215 224 225 179
111  27 116 103 141   0  27 121 100  32  40 137  62  98 118  62 204 153 154  41  45  52 115 151 161  98 117 116  51
136  50 130 121 129  27   0  99  77  58  58 162  79  74 144  79 215 175 131  62  70  26  89 175 184 124 143 142  77
228 147 227 220 183 121  99   0  23 150 157 254 178  31 231 178 309 273  41 160 151  87  51 271 280 208 230 228 162
208 126 204 197 164 100  77  23   0 129 135 235 156  11 212 156 286 251  56 139 133  65  41 250 260 190 211 210 144
 80  19 103  85 158  32  58 150 129   0  31 106  49 129  86  48 190 126 185  26  23  83 146 122 132  67  85  85  22
 86  15  78  64 131  40  58 157 135  31   0 110  23 132  99  22 165 117 188   8  54  78 144 120 128  86  99  99  50
 27 114 106  84 225 137 162 254 235 106 110   0 100 234  32 100 162  51 290 104 105 185 251  27  40  56  34  37  93
 79  37  56  42 129  62  79 178 156  49  23 100   0 152  95   1 144  99 208  24  69  96 161 105 111  88  95  96  62
208 123 199 193 153  98  74  31  11 129 132 234 152   0 213 152 280 249  57 136 134  59  31 249 258 191 212 211 144
 21  98 118  93 224 118 144 231 212  86  99  32  95 213   0  95 185  80 268  92  80 168 232  58  71  25   2   6  69
 79  36  56  42 130  62  79 178 156  48  22 100   1 152  95   0 144  99 208  23  69  96 161 105 111  87  95  96  62
165 180  88 107 170 204 215 309 286 190 165 162 144 280 185 144   0 113 331 166 208 222 278 140 131 197 186 189 198
 64 126  77  64 206 153 175 273 251 126 117  51  99 249  80  99 113   0 305 113 133 194 260  28  21  98  81  85 121
264 180 253 248 189 154 131  41  56 185 188 290 208  57 268 208 331 305   0 192 189 113  54 305 314 245 267 265 199
 79  15  79  63 138  41  62 160 139  26   8 104  24 136  92  23 166 113 192   0  48  83 149 114 122  78  91  91  43
 79  41 122 101 180  45  70 151 133  23  54 105  69 134  80  69 208 133 189  48   0  96 156 124 136  57  79  77  13
160  72 141 136 114  52  26  87  65  83  78 185  96  59 168  96 222 194 113  83  96   0  67 197 205 150 168 167 103
225 138 203 201 137 115  89  51  41 146 144 251 161  31 232 161 278 260  54 149 156  67   0 263 271 212 231 230 164
 48 126  97  79 222 151 175 271 250 122 120  27 105 249  58 105 140  28 305 114 124 197 263   0  14  80  60  63 112
 60 135  96  81 224 161 184 280 260 132 128  40 111 258  71 111 131  21 314 122 136 205 271  14   0  93  73  77 124
 35  82 121  96 215  98 124 208 190  67  86  56  88 191  25  87 197  98 245  78  57 150 212  80  93   0  24  21  48
 22  98 118  94 224 117 143 230 211  85  99  34  95 212   2  95 186  81 267  91  79 168 231  60  73  24   0   4  68
 25  97 121  96 225 116 142 228 210  85  99  37  96 211   6  96 189  85 265  91  77 167 230  63  77  21   4   0  67
 67  40 113  91 179  51  77 162 144  22  50  93  62 144  69  62 198 121 199  43  13 103 164 112 124  48  68  67   0

DISTANCE_MATRIX: 29 [row=from col=to]
  0  74  81  61 172  92 114 190 174  66  72  23  66 173  18  66 138  53 220  66  66 133 187  40  50  29  18  21  56
 74   0  77  64 116  23  42 123 105  16  13  95  31 103  82  30 150 105 150  12  35  60 115 105 112  69  81  81  34
 81  77   0  21 108  97 108 189 170  86  65  89  47 166  98  47  74  65 211  66 101 118 169  81  80 101  99 101  94
 61  64  21   0 120  86 101 183 164  71  53  70  35 161  78  35  90  54 207  53  84 113 167  66  67  80  78  80  76
172 116 108 120   0 118 107 152 136 132 109 187 108 128 186 108 142 171 157 115 150  95 114 185 187 179 187 187 149
 92  23  97  86 118   0  22 101  83  27  33 114  52  82  98  52 170 127 129  34  38  43  96 126 134  82  97  97  43
114  42 108 101 107  22   0  83  64  48  49 135  66  62 120  66 179 146 109  52  58  22  74 146 153 104 119 118  64
190 123 189 183 152 101  83   0  20 125 131 212 148  26 192 148 257 227  34 134 126  73  42 226 234 173 191 190 135
174 105 170 164 136  83  64  20   0 108 113 196 130  10 177 130 238 209  47 116 111  54  34 208 216 158 176 175 120
 66  16  86  71 132  27  48 125 108   0  26  88  41 107  72  40 159 105 154  22  19  69 122 101 110  56  71  71  19
 72  13  65  53 109  33  49 131 113  26   0  92  19 110  83  19 138  98 157   7  45  65 120 100 106  72  82  83  42
 23  95  89  70 187 114 135 212 196  88  92   0  83 195  27  83 135  43 242  87  87 154 209  22  33  46  29  31  78
 66  31  47  35 108  52  66 148 130  41  19  83   0 127  79   1 120  83 173  20  58  80 135  88  93  73  79  80  52
173 103 166 161 128  82  62  26  10 107 110 195 127   0 178 127 233 207  47 114 112  49  26 207 215 159 177 175 120
 18  82  98  78 186  98 120 192 177  72  83  27  79 178   0  79 154  67 223  76  67 140 193  49  60  21   2   5  58
 66  30  47  35 108  52  66 148 130  40  19  83   1 127  79   0 120  83 173  19  57  80 135  88  93  73  79  80  52
138 150  74  90 142 170 179 257 238 159 138 135 120 233 154 120   0  94 276 139 173 185 232 117 109 164 155 158 165
 53 105  65  54 171 127 146 227 209 105  98  43  83 207  67  83  94   0 254  94 111 162 217  23  18  82  68  71 101
220 150 211 207 157 129 109  34  47 154 157 242 173  47 223 173 276 254   0 160 157  94  45 254 262 205 222 221 166
 66  12  66  53 115  34  52 134 116  22   7  87  20 114  76  19 139  94 160   0  40  69 124  95 102  65  76  76  36
 66  35 101  84 150  38  58 126 111  19  45  87  58 112  67  57 173 111 157  40   0  80 130 104 113  48  66  64  11
133  60 118 113  95  43  22  73  54  69  65 154  80  49 140  80 185 162  94  69  80   0  56 164 171 125 140 139  86
187 115 169 167 114  96  74  42  34 122 120 209 135  26 193 135 232 217  45 124 130  56   0 219 226 176 193 192 137
 40 105  81  66 185 126 146 226 208 101 100  22  88 207  49  88 117  23 254  95 104 164 219   0  11  67  50  53  94
 50 112  80  67 187 134 153 234 216 110 106  33  93 215  60  93 109  18 262 102 113 171 226  11   0  78  61  64 103
 29  69 101  80 179  82 104 173 158  56  72  46  73 159  21  73 164  82 205  65  48 125 176  67  78   0  20  18  40
 18  81  99  78 187  97 119 191 176  71  82  29  79 177   2  79 155  68 222  76  66 140 193  50  61  20   0   3  57
 21  81 101  80 187  97 118 190 175  71  83  31  80 175   5  80 158  71 221  76  64 139 192  53  64  18   3   0  56
 56  34  94  76 149  43  64 135 120  19  42  78  52 120  58  52 165 101 166  36  11  86 137  94 103  40  57  56   0