INFO: Times are given in minutes, distances in kilometers
TRUCK_CAPACITY: 100
TRUCK_WORKING_TIME: 600
SERVICE_TIME: 40

LOCATIONS: 28 [id lat lon]
  0 51.140130  4.163370
  1 51.090073  4.019212
  2 51.266530  4.381410
  3 51.143878  4.440738
  4 50.316523  5.100232
  5 50.581908  4.368771
  6 50.451090  4.821007
  7 50.859940  3.427220
  8 50.810026  3.079456
  9 49.998996  5.693340
 10 51.190100  3.231800
 11 51.289029  3.232421
 12 50.603097  3.405346
 13 50.743954  3.248658
 14 50.718688  3.244396
 15 50.477909  3.926968
 16 50.646530  5.796810
 17 50.640148  5.534028
 18 50.914969  3.297835
 19 51.019900  5.365340
 20 50.726999  4.215885
 21 50.750518  4.245935
 22 50.905212  5.263939
 23 51.038047  5.401293
 24 50.889310  3.010840
 25 50.726440  4.215730
 26 51.092292  3.485433
 27 51.092685  3.448957

DEPOTS: 4 [id locationId]
  0   0
  1   2
  2   5
  3   7

TRUCKS: 40 [id startLocationId endLocationId]
  0   0   0
  1   0   0
  2   0   0
  3   0   0
  4   0   0
  5   0   0
  6   0   0
  7   0   0
  8   0   0
  9   0   0
 10   2   2
 11   2   2
 12   2   2
 13   2   2
 14   2   2
 15   2   2
 16   2   2
 17   2   2
 18   2   2
 19   2   2
 20   5   5
 21   5   5
 22   5   5
 23   5   5
 24   5   5
 25   5   5
 26   5   5
 27   5   5
 28   5   5
 29   5   5
 30   7   7
 31   7   7
 32   7   7
 33   7   7
 34   7   7
 35   7   7
 36   7   7
 37   7   7
 38   7   7
 39   7   7

MACHINE_TYPES: 22 [id volume name]
  0  40 450AJ
  1  22 10RS
  2  30 E400AN
  3  30 M30-4
  4   9 2030ES
  5  16 3369RT
  6   0 mrt/50
  7  30 Toucan_12E+
  8  68 860SJ
  9   0 MT1030
 10   8 2630ES
 11   0 MH25-4T
 12   1 GROUND_SUPPORT_PLATES_(4_x_)
 13   8 1930ES
 14   0 FORK_EXTENSIONS
 15   0 340AJ
 16  50 600AJ
 17   9 SCISSOR_LIFT
 18  16 VJR105-10E
 19  15 Toucan_8E
 20   0 800AJ
 21  15 2646ES

MACHINES: 35 [id machineTypeId locationId]
  0   0   0
  1   1   2
  2   2   4
  3   3   5
  4   4   7
  5   4   7
  6   5   9
  7   6   9
  8   7  10
  9   8  11
 10   5  12
 11   9  13
 12  10  14
 13   3  15
 14   3  15
 15  11  15
 16  12  15
 17   9  16
 18  12  15
 19  13  17
 20  13  17
 21  14  15
 22  12  15
 23  12  15
 24  15  18
 25  16  19
 26  17  20
 27   7  21
 28   5  22
 29  10  23
 30   1   7
 31  18  21
 32  19  25
 33  20  26
 34  21  27

DROPS: 6 [id machineTypeId locationId]
  0   0   1
  1   1   3
  2   3   6
  3   4   8
  4   4   8
  5   1  24

COLLECTS: 29 [id machineId locationId]
  0   2   4
  1   6   9
  2   7   9
  3   8  10
  4   9  11
  5  10  12
  6  11  13
  7  12  14
  8  13  15
  9  14  15
 10  15  15
 11  16  15
 12  17  16
 13  18  15
 14  19  17
 15  20  17
 16  21  15
 17  22  15
 18  23  15
 19  24  18
 20  25  19
 21  26  20
 22  27  21
 23  28  22
 24  29  23
 25  31  21
 26  32  25
 27  33  26
 28  34  27

TIME_MATRIX: 28 [row=from col=to]
  0  14  25  24 136  77 108  73 102 201  79  81  96  94  96  91 153 134  79 103  56  53  98 105 103  56  58  61 
 14   0  39  37 138  74 109  59  88 204  68  71  84  80  82  83 162 142  65 114  52  50 108 117  89  52  45  48 
 25  39   0  18 141  92 115  97 126 203  97  96 121 118 121 113 145 128 103  89  74  70  89  91 126  74  79  82 
 24  37  18   0 124  76  98  94 123 187 102 103 114 114 116  99 133 114 101  80  59  56  77  82 125  59  81  84 
136 138 141 124   0  72  30 160 184  67 197 205 150 168 167 103  74  57 173  97  93  93  80 100 193  93 172 174 
 77  74  92  76  72   0  43  88 114 138 126 135  82  98  97  40 122 100 101 103  24  25  88 107 122  24 101 104 
108 109 115  98  30  43   0 130 156  96 167 175 122 139 139  77  87  66 143  89  64  64  72  93 164  64 142 145 
 73  59  97  94 160  88 130   0  31 225  48  60  35  22  25  67 203 181  14 165  69  71 155 168  36  69  32  32 
102  88 126 123 184 114 156  31   0 248  53  66  40  17  19  85 231 209  24 195  97  99 185 198  13  97  51  49 
201 204 203 187  67 138  96 225 248   0 263 271 212 231 230 164  87  87 238 140 159 159 127 141 258 159 238 240 
 79  68  97 102 197 126 167  48  53 263   0  14  80  60  63 112 228 208  38 181 104 104 175 183  45 104  25  23 
 81  71  96 103 205 135 175  60  66 271  14   0  93  73  77 124 232 212  51 183 112 112 178 185  57 112  34  32 
 96  84 121 114 150  82 122  35  40 212  80  93   0  24  21  48 203 181  43 175  71  74 163 179  51  71  66  66 
 94  80 118 114 168  98 139  22  17 231  60  73  24   0   4  68 216 194  24 183  82  85 172 186  28  82  51  50 
 96  82 121 116 167  97 139  25  19 230  63  77  21   4   0  67 217 194  27 184  83  85 173 187  31  83  54  53 
 91  83 113  99 103  40  77  67  85 164 112 124  48  68  67   0 161 138  79 142  42  46 127 146  95  42  91  92 
153 162 145 133  74 122  87 203 231  87 228 232 203 216 217 161   0  23 214  62 135 132  57  62 238 135 204 207 
134 142 128 114  57 100  66 181 209  87 208 212 181 194 194 138  23   0 193  53 113 110  43  55 216 113 183 186 
 79  65 103 101 173 101 143  14  24 238  38  51  43  24  27  79 214 193   0 175  82  83 166 178  25  82  29  27 
103 114  89  80  97 103  89 165 195 140 181 183 175 183 184 142  62  53 175   0 105 101  18   4 199 105 159 162 
 56  52  74  59  93  24  64  69  97 159 104 112  71  82  83  42 135 113  82 105   0   5  92 109 104   1  79  81 
 53  50  70  56  93  25  64  71  99 159 104 112  74  85  85  46 132 110  83 101   5   0  89 105 106   5  79  82 
 98 108  89  77  80  88  72 155 185 127 175 178 163 172 173 127  57  43 166  18  92  89   0  22 190  92 152 155 
105 117  91  82 100 107  93 168 198 141 183 185 179 186 187 146  62  55 178   4 109 105  22   0 202 109 161 164 
103  89 126 125 193 122 164  36  13 258  45  57  51  28  31  95 238 216  25 199 104 106 190 202   0 104  49  46 
 56  52  74  59  93  24  64  69  97 159 104 112  71  82  83  42 135 113  82 105   1   5  92 109 104   0  79  81 
 58  45  79  81 172 101 142  32  51 238  25  34  66  51  54  91 204 183  29 159  79  79 152 161  49  79   0   4 
 61  48  82  84 174 104 145  32  49 240  23  32  66  50  53  92 207 186  27 162  81  82 155 164  46  81   4   0 

DISTANCE_MATRIX: 28 [row=from col=to]
  0  12  21  20 113  64  90  61  85 167  66  67  80  78  80  76 128 112  66  86  47  44  82  88  86  47  48  51 
 12   0  32  31 115  62  91  49  73 170  57  60  70  67  69  69 135 118  55  95  43  41  90  97  75  43  38  40 
 21  32   0  15 118  77  96  81 105 169  81  80 101  99 101  94 121 107  86  74  62  59  74  76 105  62  66  68 
 20  31  15   0 104  63  82  78 103 156  85  86  95  95  97  83 111  95  84  67  49  46  64  69 104  50  67  70 
113 115 118 104   0  60  25 133 153  56 164 171 125 140 139  86  62  48 144  81  78  78  67  83 161  78 143 145 
 64  62  77  63  60   0  36  74  95 115 105 112  69  81  81  34 102  83  84  86  20  21  73  89 102  20  85  87 
 90  91  96  82  25  36   0 109 130  80 139 146 102 116 116  64  73  55 120  74  53  53  60  77 137  53 118 120 
 61  49  81  78 133  74 109   0  26 187  40  50  29  18  21  56 169 151  11 137  58  59 129 140  30  58  27  26 
 85  73 105 103 153  95 130  26   0 207  44  55  33  14  16  71 193 174  20 162  81  83 154 165  11  81  43  41 
167 170 169 156  56 115  80 187 207   0 219 226 176 193 192 137  73  73 198 116 133 133 106 118 215 133 198 200 
 66  57  81  85 164 105 139  40  44 219   0  11  67  50  53  94 190 173  31 151  87  87 146 153  37  87  21  19 
 67  60  80  86 171 112 146  50  55 226  11   0  78  61  64 103 194 177  42 152  93  93 149 154  48  93  29  27 
 80  70 101  95 125  69 102  29  33 176  67  78   0  20  18  40 169 151  36 146  59  62 135 149  43  59  55  55 
 78  67  99  95 140  81 116  18  14 193  50  61  20   0   3  57 180 162  20 152  69  71 143 155  24  69  43  42 
 80  69 101  97 139  81 116  21  16 192  53  64  18   3   0  56 180 162  23 153  69  71 144 156  26  69  45  44 
 76  69  94  83  86  34  64  56  71 137  94 103  40  57  56   0 134 115  66 118  35  38 106 121  80  35  76  77 
128 135 121 111  62 102  73 169 193  73 190 194 169 180 180 134   0  19 179  52 112 110  48  52 198 112 170 173 
112 118 107  95  48  83  55 151 174  73 173 177 151 162 162 115  19   0 161  44  94  92  36  46 180  94 153 155 
 66  55  86  84 144  84 120  11  20 198  31  42  36  20  23  66 179 161   0 146  68  70 138 148  21  68  24  23 
 86  95  74  67  81  86  74 137 162 116 151 152 146 152 153 118  52  44 146   0  87  85  15   4 166  88 132 135 
 47  43  62  49  78  20  53  58  81 133  87  93  59  69  69  35 112  94  68  87   0   4  77  91  87   1  66  68 
 44  41  59  46  78  21  53  59  83 133  87  93  62  71  71  38 110  92  70  85   4   0  74  88  89   4  66  68 
 82  90  74  64  67  73  60 129 154 106 146 149 135 143 144 106  48  36 138  15  77  74   0  18 159  77 127 129 
 88  97  76  69  83  89  77 140 165 118 153 154 149 155 156 121  52  46 148   4  91  88  18   0 169  91 135 137 
 86  75 105 104 161 102 137  30  11 215  37  48  43  24  26  80 198 180  21 166  87  89 159 169   0  87  41  39 
 47  43  62  50  78  20  53  58  81 133  87  93  59  69  69  35 112  94  68  88   1   4  77  91  87   0  66  68 
 48  38  66  67 143  85 118  27  43 198  21  29  55  43  45  76 170 153  24 132  66  66 127 135  41  66   0   3 
 51  40  68  70 145  87 120  26  41 200  19  27  55  42  44  77 173 155  23 135  68  68 129 137  39  68   3   0 
