INFO: Times are given in minutes, distances in kilometers
TRUCK_CAPACITY: 100
TRUCK_WORKING_TIME: 600

LOCATIONS: 28 [id lat lon name]
  0 50.859940  3.427220 CONCORDIA
  1 50.581908  4.368771 GUNCO
  2 51.266530  4.381410 GUNCO_BEL_NV
  3 51.140130  4.163370 GUNCO_DEPOT_ST_NIKLAAS
  4 50.402022  4.509585 L004
  5 49.688313  5.363061 L005
  6 49.851876  5.285675 L006
  7 50.509336  4.180856 L007
  8 51.102452  3.995076 L008
  9 50.689691  4.408492 L009
 10 50.993584  3.195547 L010
 11 50.852944  4.358210 L011
 12 51.130014  4.581081 L012
 13 50.757334  3.246619 L013
 14 50.850808  4.353846 L014
 15 49.607715  5.809977 L015
 16 50.933214  5.341951 L016
 17 50.316523  5.100232 L017
 18 49.998996  5.693340 L018
 19 51.190100  3.231800 L019
 20 51.289029  3.232421 L020
 21 50.603097  3.405346 L021
 22 50.743954  3.248658 L022
 23 50.718688  3.244396 L023
 24 50.477909  3.926968 L024
 25 51.019900  5.365340 L025
 26 50.905212  5.263939 L026
 27 51.038047  5.401293 L027

DEPOTS: 4 [id locationId]
  0   0
  1   1
  2   2
  3   3

TRUCKS: 40 [id startLocationId endLocationId]
  0   0   0
  1   0   0
  2   0   0
  3   0   0
  4   0   0
  5   0   0
  6   0   0
  7   0   0
  8   0   0
  9   0   0
 10   1   1
 11   1   1
 12   1   1
 13   1   1
 14   1   1
 15   1   1
 16   1   1
 17   1   1
 18   1   1
 19   1   1
 20   2   2
 21   2   2
 22   2   2
 23   2   2
 24   2   2
 25   2   2
 26   2   2
 27   2   2
 28   2   2
 29   2   2
 30   3   3
 31   3   3
 32   3   3
 33   3   3
 34   3   3
 35   3   3
 36   3   3
 37   3   3
 38   3   3
 39   3   3

MACHINE_TYPES: 19 [id volume serviceTime name]
  0  50  10 600AJ
  1  20   4 B25X
  2   0   0 340AJ
  3  30   6 E300AJP
  4   8   1 2630ES
  5  50  10 600S
  6   8   1 1230ES
  7  30   6 E400AN
  8  45   9 510AJ
  9  50  10 5390RT
 10  16   3 3369RT
 11   0   0 mrt/50
 12  30   6 Toucan_12E+
 13  68  13 860SJ
 14   0   0 MT1030
 15  30   6 M30-4
 16   0   0 MH25-4T
 17   1   0 GROUND_SUPPORT_PLATES_(4_x_)
 18   0   0 FORK_EXTENSIONS

MACHINES: 34 [id machineTypeId locationId]
  0   0   4
  1   1   1
  2   2   6
  3   2   7
  4   3   0
  5   4   1
  6   5   0
  7   5   1
  8   6   0
  9   4   0
 10   7   0
 11   8  14
 12   8  14
 13   8   1
 14   9   0
 15   7  17
 16  10  18
 17  11  18
 18  12  19
 19  13  20
 20  10  21
 21  14  22
 22   4  23
 23  15  24
 24  15  24
 25  16  24
 26  17  24
 27  17  24
 28  18  24
 29  17  24
 30  17  24
 31   0  25
 32  10  26
 33   4  27

DROPS: 10 [id machineTypeId locationId]
  0   1   5
  1   3   8
  2   4   9
  3   5  10
  4   5  11
  5   6  12
  6   4  13
  7   7  13
  8   8  15
  9   9  16

COLLECTS: 24 [id machineId]
  0   0
  1   2
  2   3
  3  11
  4  12
  5  15
  6  16
  7  17
  8  18
  9  19
 10  20
 11  21
 12  22
 13  23
 14  24
 15  25
 16  26
 17  27
 18  28
 19  29
 20  30
 21  31
 22  32
 23  33

TIME_MATRIX: 28 [row=collect col=drop]
  0  88  97  73 111 228 208  80  58  86  27  79 104  21  79 264 162 160 225  48  60  35  22  25  67 165 155 168
 88   0  92  77  27 147 126  19  77  15 114  37  76  98  36 180  95  72 138 126 135  82  98  97  40 103  88 107
 97  92   0  25 116 227 204 103  40  78 106  56  25 118  56 253  92 141 203  97  96 121 118 121 113  89  89  91
 73  77  25   0 103 220 197  85  15  64  84  42  36  93  42 248 103 136 201  79  81  96  94  96  91 103  98 105
111  27 116 103   0 121 100  32 104  40 137  62  98 118  62 154 100  52 115 151 161  98 117 116  51 110  93 114
228 147 227 220 121   0  23 150 222 157 254 178 204 231 178  41 167  87  51 271 280 208 230 228 162 178 163 181
208 126 204 197 100  23   0 129 200 135 235 156 181 212 156  56 145  65  41 250 260 190 211 210 144 157 141 159
 80  19 103  85  32 150 129   0  81  31 106  49  90  86  48 185 114  83 146 122 132  67  85  85  22 122 106 125
 58  77  40  15 104 222 200  81   0  66  69  46  50  79  46 253 116 141 207  65  69  84  79  82  84 116 110 119
 86  15  78  64  40 157 135  31  66   0 110  23  61  99  22 188  86  78 144 120 128  86  99  99  50  92  78  96
 27 114 106  84 137 254 235 106  69 110   0 100 118  32 100 290 181 185 251  27  40  56  34  37  93 183 175 186
 79  37  56  42  62 178 156  49  46  23 100   0  42  95   1 208  84  96 161 105 111  88  95  96  62  88  77  92
104  76  25  36  98 204 181  90  50  61 118  42   0 123  42 229  70 118 178 114 115 122 124 126 104  68  65  70
 21  98 118  93 118 231 212  86  79  99  32  95 123   0  95 268 179 168 232  58  71  25   2   6  69 182 172 186
 79  36  56  42  62 178 156  48  46  22 100   1  42  95   0 208  84  96 161 105 111  87  95  96  62  89  77  92
264 180 253 248 154  41  56 185 253 188 290 208 229 268 208   0 182 113  54 305 314 245 267 265 199 193 180 195
162  95  92 103 100 167 145 114 116  86 181  84  70 179  84 182   0  85 129 181 184 170 179 180 135  12   8  15
160  72 141 136  52  87  65  83 141  78 185  96 118 168  96 113  85   0  67 197 205 150 168 167 103  97  80 100
225 138 203 201 115  51  41 146 207 144 251 161 178 232 161  54 129  67   0 263 271 212 231 230 164 140 127 141
 48 126  97  79 151 271 250 122  65 120  27 105 114  58 105 305 181 197 263   0  14  80  60  63 112 181 175 183
 60 135  96  81 161 280 260 132  69 128  40 111 115  71 111 314 184 205 271  14   0  93  73  77 124 183 178 185
 35  82 121  96  98 208 190  67  84  86  56  88 122  25  87 245 170 150 212  80  93   0  24  21  48 175 163 179
 22  98 118  94 117 230 211  85  79  99  34  95 124   2  95 267 179 168 231  60  73  24   0   4  68 183 172 186
 25  97 121  96 116 228 210  85  82  99  37  96 126   6  96 265 180 167 230  63  77  21   4   0  67 184 173 187
 67  40 113  91  51 162 144  22  84  50  93  62 104  69  62 199 135 103 164 112 124  48  68  67   0 142 127 146
165 103  89 103 110 178 157 122 116  92 183  88  68 182  89 193  12  97 140 181 183 175 183 184 142   0  18   4
155  88  89  98  93 163 141 106 110  78 175  77  65 172  77 180   8  80 127 175 178 163 172 173 127  18   0  22
168 107  91 105 114 181 159 125 119  96 186  92  70 186  92 195  15 100 141 183 185 179 186 187 146   4  22   0

DISTANCE_MATRIX: 28 [row=collect col=drop]
  0  74  81  61  92 190 174  66  49  72  23  66  87  18  66 220 135 133 187  40  50  29  18  21  56 137 129 140
 74   0  77  64  23 123 105  16  64  13  95  31  63  82  30 150  79  60 115 105 112  69  81  81  34  86  73  89
 81  77   0  21  97 189 170  86  33  65  89  47  21  98  47 211  77 118 169  81  80 101  99 101  94  74  74  76
 61  64  21   0  86 183 164  71  13  53  70  35  30  78  35 207  86 113 167  66  67  80  78  80  76  86  82  88
 92  23  97  86   0 101  83  27  86  33 114  52  82  98  52 129  84  43  96 126 134  82  97  97  43  92  78  95
190 123 189 183 101   0  20 125 185 131 212 148 170 192 148  34 139  73  42 226 234 173 191 190 135 149 136 151
174 105 170 164  83  20   0 108 167 113 196 130 151 177 130  47 121  54  34 208 216 158 176 175 120 130 118 133
 66  16  86  71  27 125 108   0  68  26  88  41  75  72  40 154  95  69 122 101 110  56  71  71  19 101  89 105
 49  64  33  13  86 185 167  68   0  55  58  38  42  65  38 211  97 118 172  55  58  70  66  68  70  97  92  99
 72  13  65  53  33 131 113  26  55   0  92  19  51  83  19 157  71  65 120 100 106  72  82  83  42  77  65  80
 23  95  89  70 114 212 196  88  58  92   0  83  99  27  83 242 151 154 209  22  33  46  29  31  78 152 146 155
 66  31  47  35  52 148 130  41  38  19  83   0  35  79   1 173  70  80 135  88  93  73  79  80  52  73  64  76
 87  63  21  30  82 170 151  75  42  51  99  35   0 103  35 191  58  98 149  95  96 102 103 105  86  57  54  59
 18  82  98  78  98 192 177  72  65  83  27  79 103   0  79 223 149 140 193  49  60  21   2   5  58 152 143 155
 66  30  47  35  52 148 130  40  38  19  83   1  35  79   0 173  70  80 135  88  93  73  79  80  52  74  65  77
220 150 211 207 129  34  47 154 211 157 242 173 191 223 173   0 152  94  45 254 262 205 222 221 166 161 150 162
135  79  77  86  84 139 121  95  97  71 151  70  58 149  70 152   0  71 107 151 153 142 149 150 112  10   7  13
133  60 118 113  43  73  54  69 118  65 154  80  98 140  80  94  71   0  56 164 171 125 140 139  86  81  67  83
187 115 169 167  96  42  34 122 172 120 209 135 149 193 135  45 107  56   0 219 226 176 193 192 137 116 106 118
 40 105  81  66 126 226 208 101  55 100  22  88  95  49  88 254 151 164 219   0  11  67  50  53  94 151 146 153
 50 112  80  67 134 234 216 110  58 106  33  93  96  60  93 262 153 171 226  11   0  78  61  64 103 152 149 154
 29  69 101  80  82 173 158  56  70  72  46  73 102  21  73 205 142 125 176  67  78   0  20  18  40 146 135 149
 18  81  99  78  97 191 176  71  66  82  29  79 103   2  79 222 149 140 193  50  61  20   0   3  57 152 143 155
 21  81 101  80  97 190 175  71  68  83  31  80 105   5  80 221 150 139 192  53  64  18   3   0  56 153 144 156
 56  34  94  76  43 135 120  19  70  42  78  52  86  58  52 166 112  86 137  94 103  40  57  56   0 118 106 121
137  86  74  86  92 149 130 101  97  77 152  73  57 152  74 161  10  81 116 151 152 146 152 153 118   0  15   4
129  73  74  82  78 136 118  89  92  65 146  64  54 143  65 150   7  67 106 146 149 135 143 144 106  15   0  18
140  89  76  88  95 151 133 105  99  80 155  76  59 155  77 162  13  83 118 153 154 149 155 156 121   4  18   0